Bytes = 5, Total Time = 1.0124337673187256, Goodput = 4.938594663077791
Bytes = 5, Total Time = 1.009814739227295, Goodput = 4.951403268114283
Bytes = 9, Total Time = 1.0107569694519043, Goodput = 8.904217603248744
Bytes = 38, Total Time = 2.138162612915039, Goodput = 17.772268475031066
